00100011110000000000000000000000
00100011110000010000000000000001
00100011110000100000000000000010
00100011110000110000000000000011
00100011110001000000000000000100
00100011110001010000000000000101
00100011110001100000000000000110
00100011110001110000000000000111
00100011110010000000000000001000
00100011110010010000000000001001
00100011110010100000000000001010
00100011110010110000000000001011
00100011110011000000000000001100
00100011110011010000000000001101
00100011110011100000000000001110
00100011110011110000000000001111
00100011110100000000000000010000
00100011110100010000000000010001
00100011110100100000000000010010
00100011110100110000000000010011
00100011110101000000000000010100
00100011110101010000000000010101
00100011110101100000000000010110
00100011110101110000000000010111
00100011110110000000000000011000
00100011110110010000000000011001
00100011110110100000000000011010
00100011110110110000000000011011
00100011110111000000000000011100
00100011110111010000000000011101
00100011110111100000000000011110
00100011110111110000000000011111
00110100000000000000010011100010
00011111110000000000000000000000
00011111110000010000000000000001
00011111110000100000000000000010
00011111110000110000000000000011
00011111110001000000000000000100
00011111110001010000000000000101
00011111110001100000000000000110
00011111110001110000000000000111
00011111110010000000000000001000
00011111110010010000000000001001
00011111110010100000000000001010
00011111110010110000000000001011
00011111110011000000000000001100
00011111110011010000000000001101
00011111110011100000000000001110
00011111110011110000000000001111
00011111110100000000000000010000
00011111110100010000000000010001
00011111110100100000000000010010
00011111110100110000000000010011
00011111110101000000000000010100
00011111110101010000000000010101
00011111110101100000000000010110
00011111110101110000000000010111
00011111110110000000000000011000
00011111110110010000000000011001
00011111110110100000000000011010
00011111110110110000000000011011
00011111110111000000000000011100
00011111110111010000000000011101
00011111110111100000000000011110
00011111110111110000000000011111
00110100000000000000010011100010