00100000000000000000000000000000
00010100000000000100000000000000
00100000000010000000000000000000
00011100000010000000000000000000
00000100000010010000000000000001
00101001000010010000000000000001
00110100000000000000000000000001
00011100000010000000000000000000
00000100000010100000000000000010
00101001000010100000000000000001
00110100000000000000000001100101
00011100000010000000000000000000
00000100000010110000000000000011
00101001000010110000000000000001
00110100000000000000000011001001
00011100000010000000000000000000
00000100000011000000000000000100
00101001000011000000000000000001
00110100000000000000000100101101
00011100000010000000000000000000
00000100000011010000000000000101
00101001000011010000000000000001
00110100000000000000000110010001
00011100000010000000000000000000
00000100000011100000000000000110
00101001000011100000000000000001
00110100000000000000000111110101
00011100000010000000000000000000
00000100000011110000000000000111
00101001000011110000000000000001
00110100000000000000001001011001
00011100000010000000000000000000
00000100000100000000000000001000
00101001000100000000000000000001
00110100000000000000001010111101
00011100000010000000000000000000
00000100000100010000000000001001
00101001000100010000000000000001
00110100000000000000001100100001
00011100000010000000000000000000
00000100000100100000000000001010
00101001000100100000000000000001
00110100000000000000001110000101
00110100000000000000010000001011