00000100000111100000000001100000
00110100000000000000010001100100
00000100000111100000000001100000
00110100000000000000010010000101
00000100000111100000000010100000
00110100000000000000010001100100
00000100000111100000000010100000
00110100000000000000010010000101
00000100000111100000000011100000
00110100000000000000010001100100
00000100000111100000000011100000
00110100000000000000010010000101
00000100000111100000000100100000
00110100000000000000010001100100
00000100000111100000000100100000
00110100000000000000010010000101
00000100000111100000000101100000
00110100000000000000010001100100
00000100000111100000000101100000
00110100000000000000010010000101
00000100000111100000000110100000
00110100000000000000010001100100
00000100000111100000000110100000
00110100000000000000010010000101
00000100000111100000000111100000
00110100000000000000010001100100
00000100000111100000000111100000
00110100000000000000010010000101
00000100000111100000001000100000
00110100000000000000010001100100
00000100000111100000001000100000
00110100000000000000010010000101
00000100000111100000001001100000
00110100000000000000010001100100
00000100000111100000001001100000
00110100000000000000010010000101
00000100000111100000001010100000
00110100000000000000010001100100
00000100000111100000001010100000
00110100000000000000010010000101