00000100000111010000001010000000
00100011101000000000000000000000
00100011101000000000000000000001
00100011101000000000000000000010
00100011101000000000000000000011
00010100000000000100000000000000
00100011101010000000000000000000
00010100000000000100000000000000
00100011101010000000000000000001
00011111101010000000000000000000
00011111101010010000000000000001
00000001000010010101000000000011
00100011101010100000000000000010
00011111101010000000000000000010
00000100000010010000000000000010
00000001000010010101000000000100
00100011101010100000000000000011
00011111101010000000000000000011
00011001000010000000000000000000
11110100000000000000000000000000