00000100000111010000001000000000
00100011101000000000000000000000
00100011101000000000000000000001
00100011101000000000000000000010
00100011101000000000000000000011
00010100000000000100000000000000
00100011101010000000000000000000
00010100000000000100000000000000
00100011101010000000000000000001
00000100000010000000000000000001
00100011101010000000000000000011
00000100000010000000000000000000
00100011101010000000000000000010
00011111101010000000000000000010
00011111101010010000000000000001
00101101000010010101000000000000
00100100000010100000000000001001
00011111101010110000000000000011
00011111101011000000000000000000
00000001011011000110100000000011
00100011101011010000000000000011
00011111101010000000000000000010
00000100000010010000000000000001
00000001000010010101000000000001
00100011101010100000000000000010
00110100000000000000001011001010
00011111101010000000000000000011
00011001000010000000000000000000
11110100000000000000000000000000