00000100000111010000000001000000
00100011101000000000000000000000
00100011101000000000000000000001
00010100000000000100000000000000
00100011101010000000000000000000
00000100000010000000000000000000
00100011101010000000000000000001
00011111101010000000000000000001
00011111101010010000000000000000
00101101001010000101000000000000
00101000000010100000000000000111
00011111101010110000000000000001
00011001011010110000000000000000
00011111101011010000000000000001
00000100000011100000000000000001
00000001101011100111100000000001
00100011101011110000000000000001
00110100000000000000000000001000
11110100000000000000000000000000