00000100000111010000000110000000
00100011101000000000000000000000
00010100000000000100000000000000
00100011101010000000000000000000
00011111101010000000000000000000
00000100000010010000000000000001
00101101001010000101000000000000
00100100000010100000000000011110
00100011101000000000000000000001
00100011101000000000000000000010
00100011101000000000000000000011
00100011101000000000000000000100
00000100000010110000000000000010
00100011101010110000000000000001
00000100000010000000000000000000
00100011101010000000000000000010
00000100000010000000000000000001
00100011101010000000000000000011
00011111101010000000000000000001
00011111101010010000000000000000
00101101001010000101000000000000
00101000000010100000000000001101
00011111101010110000000000000010
00011111101011000000000000000011
00000001011011000110100000000001
00100011101011010000000000000100
00011111101010000000000000000011
00100011101010000000000000000010
00011111101010000000000000000100
00100011101010000000000000000011
00011111101010000000000000000001
00000100000010010000000000000001
00000001000010010101000000000001
00100011101010100000000000000001
00110100000000000000001000000111
00011111101010000000000000000011
00011001000010000000000000000000
00110100000000000000001000011101
00011111101010100000000000000000
00011001010010100000000000000000
11110100000000000000000000000000